00000000000000000000000000000000000000000000011000000011000000000
00000000000000000000001000000000000100000000000010000000000001000
00000000000000000000000000000000000000000000000000000000000000000
00000000000000000000001000000000000100000000000010000000000000000
00000000000000000000000000000000000000000000000000000000000000000
00000011100000000000000000001100000000000110110000000000000000000
00000011100000000000000000001100000000000000000000000000000000000
00000000000000000000000000001101110000000000000000000000000000000
00000000000000000000000000000000000000000000000000000000011110000
00000000000000000000000000000000000000000000000000000000011110000
00000000000000000000000000000000000000000000000000000000000000000
00000000000000000000000000000000000000000000000000000000000000000
00000000000000000000000000000000000000000000000000000000000000000
00000111100000000000000000000000000000000000000000000000000000000
00000000000000000000000000000000000000000000000000000000000000000
00000011100000111011100000001100000000000110110000000011011000000
00000111100000000011110000000000000000000000000000000000011110000
00000000000000000000000000000000000000000000000000000111000000000
00000111100000000000000000001101111100000110110000000000000000000
00000000000000000000000000000000000000000000011100000011000000000
00000000000000000000000000011101110000001110111100000111000000000
01110000000000000000000000000000000000000000111110000111000000000
00000111100000000000000000000000000000000000000000000000011110000
00000111100000000000000000000000000000000000000000000000000000000
01110000000000000000000000000000000000000000000000001111111111000
00000000000000000000000000000000000000000000000000000000011110000
01110000000000000000000000000000000000000000000000001111111111000
